  221,	        0,      0,      3, 	'H',	 1.000,	        -145.500,	32.4634,	32.4634,        253.0,  50.0,	50.0,  349,    277,	46.352,          -2.566, '000,000,000,000,000,000,000,000,000,000,000,000,000,000,000,000,000,000,000,000,000,000,000,000,000,000,000,000,000,000,000,000,000,000,000,000,000'
  255,	        0,      0,      3, 	'H',	20.858,	        -125.265,	50.0000,	50.0000,        263.0,  30.0,	60.0,  123,     99,	59.394,         -37.064, '000,000,000,000,000,000,000,000,000,000,000,000,000,000,000,000,000,000,000,000,000,000,000,000,000,000,000,000,000,000,000,000,000,000,000,000,000'
  256,	        0,      0,      3, 	'H',	17.587,	        -126.823,	50.0000,	50.0000,        263.0,  30.0,	60.0,  134,    109,	59.080,         -31.444, '000,000,000,000,000,000,000,000,000,000,000,000,000,000,000,000,000,000,000,000,000,000,000,000,000,000,000,000,000,000,000,000,000,000,000,000,000'
  257,	        0,      0,      4, 	'H',	19.450,	        -126.087,	50.0000,	50.0000,         47.5,   0.0,	 0.0,  104,    134,	58.145,         -35.722, '000,000,000,000,000,000,000,000,000,000,000,000,000,000,000,000,000,000,000,000,000,000,000,000,000,000,000,000,000,000,000,000,000,000,000,000,000'


# order of parameters from GRIB edition 1, office note 388
# grid       met,    met     proj 	fst 	xlat11,	        xlon11,		dx,		dy,		yaxis,	latin1,	latin2,	ni,     nj,	xlatninj,       xlonninj,'001,007,008,009,010,011,012,013,014,015,016,017,018,019,020,021,022,023,024,025,026,027,028,029,030,031,032,033,034,035,036,037,038,039,040,041,042'
# code       center  center  code	grid                                                                    long.
# 	     code    subcode            code                                                                                                           
